6
19127001
20200401
Nguyen Van 1
2020 04 01
19APCS1
0
-1
-1
-1
-1
2020 06 04 07 30 11 30 -1
2020 06 11 07 30 11 30 -1
2020 06 18 07 30 11 30 -1
2020 06 25 07 30 11 30 -1
2020 07 02 07 30 11 30 -1
2020 07 09 07 30 11 30 -1
2020 07 16 07 30 11 30 -1
2020 07 23 07 30 11 30 -1
2020 07 30 07 30 11 30 -1
2020 08 06 07 30 11 30 -1
1

19127002
20200402
Nguyen Van 2
2020 04 02
19APCS1
1
-1
-1
-1
-1
2020 06 04 07 30 11 30 -1
2020 06 11 07 30 11 30 -1
2020 06 18 07 30 11 30 -1
2020 06 25 07 30 11 30 -1
2020 07 02 07 30 11 30 -1
2020 07 09 07 30 11 30 -1
2020 07 16 07 30 11 30 -1
2020 07 23 07 30 11 30 -1
2020 07 30 07 30 11 30 -1
2020 08 06 07 30 11 30 -1
1

19127003
20200403
Nguyen Van 3
2020 04 03
19APCS1
1
-1
-1
-1
-1
2020 06 04 07 30 11 30 -1
2020 06 11 07 30 11 30 -1
2020 06 18 07 30 11 30 -1
2020 06 25 07 30 11 30 -1
2020 07 02 07 30 11 30 -1
2020 07 09 07 30 11 30 -1
2020 07 16 07 30 11 30 -1
2020 07 23 07 30 11 30 -1
2020 07 30 07 30 11 30 -1
2020 08 06 07 30 11 30 -1
1

1927004
20010401
Nguyen Van 4
2001 04 01
19APCS1
1
-1
-1
-1
-1
2020 06 04 07 30 11 30 -1
2020 06 11 07 30 11 30 -1
2020 06 18 07 30 11 30 -1
2020 06 25 07 30 11 30 -1
2020 07 02 07 30 11 30 -1
2020 07 09 07 30 11 30 -1
2020 07 16 07 30 11 30 -1
2020 07 23 07 30 11 30 -1
2020 07 30 07 30 11 30 -1
2020 08 06 07 30 11 30 -1
1

19127849
0i4jvoBamqdOpFtBGWHsUjXYaKE2LWwDfWUmOio1DT4=
Tran Hoang
2001 02 02
19APCS1
1
-1
-1
-1
-1
2020 06 04 07 30 11 30 -1
2020 06 11 07 30 11 30 -1
2020 06 18 07 30 11 30 -1
2020 06 25 07 30 11 30 -1
2020 07 02 07 30 11 30 -1
2020 07 09 07 30 11 30 -1
2020 07 16 07 30 11 30 -1
2020 07 23 07 30 11 30 -1
2020 07 30 07 30 11 30 -1
2020 08 06 07 30 11 30 -1
1

1927445
uWQGm2N2AdTYhayQ1YH9/D9xnir6Imbzn4gdyVpmvdM=
Khang
2002 -4 -1
19APCS1
1
-1
-1
-1
-1
2020 06 04 07 30 11 30 -1
2020 06 11 07 30 11 30 -1
2020 06 18 07 30 11 30 -1
2020 06 25 07 30 11 30 -1
2020 07 02 07 30 11 30 -1
2020 07 09 07 30 11 30 -1
2020 07 16 07 30 11 30 -1
2020 07 23 07 30 11 30 -1
2020 07 30 07 30 11 30 -1
2020 08 06 07 30 11 30 -1
1

