4
19127349
LPJNul+wow4m6DsqxbninhsWHlwfp0JecwQzYpOLmCQ=
Phan Cong Huu Danh
2001 02 28
19CLC7
0
10
10
10
10
2020 04 16 07 30 09 30 0
2020 04 23 07 30 09 30 0
2020 04 30 07 30 09 30 0
2020 05 07 07 30 09 30 0
2020 05 14 07 30 09 30 0
2020 05 21 07 30 09 30 0
2020 05 28 07 30 09 30 -1
2020 06 04 07 30 09 30 -1
2020 06 11 07 30 09 30 -1
2020 06 18 07 30 09 30 -1
1

19127257
zroFXfMRNlpAeiTmMdXGVXUYApGiULSIJbmypGfaMqM=
Pham Nhat Quang
2001 02 01
19CLC7
1
9.5
9.5
10
9.5
2020 04 16 07 30 09 30 -1
2020 04 23 07 30 09 30 -1
2020 04 30 07 30 09 30 -1
2020 05 07 07 30 09 30 -1
2020 05 14 07 30 09 30 -1
2020 05 21 07 30 09 30 -1
2020 05 28 07 30 09 30 -1
2020 06 04 07 30 09 30 -1
2020 06 11 07 30 09 30 -1
2020 06 18 07 30 09 30 -1
1

19127034
HP4RnGXFYj1GoDgEXJrRR/F3umrsIkS2Fj4TeRKMyys=
Doan Ngoc Nhu Khoi
2001 08 17
19CLC7
1
9
9.5
9.5
9.5
2020 04 16 07 30 09 30 -1
2020 04 23 07 30 09 30 -1
2020 04 30 07 30 09 30 -1
2020 05 07 07 30 09 30 -1
2020 05 14 07 30 09 30 -1
2020 05 21 07 30 09 30 -1
2020 05 28 07 30 09 30 -1
2020 06 04 07 30 09 30 -1
2020 06 11 07 30 09 30 -1
2020 06 18 07 30 09 30 -1
1

19127051
Xm/nx5KJK/IslpKXEElmUVtnsmGYIy0JpTRyQDIl4Z4=hatu
Luu Thi Hong Ngoc
2001 05 09
19CLC7
1
9.2
10
8.5
9.5
2020 04 16 07 30 09 30 -1
2020 04 23 07 30 09 30 -1
2020 04 30 07 30 09 30 -1
2020 05 07 07 30 09 30 -1
2020 05 14 07 30 09 30 -1
2020 05 21 07 30 09 30 -1
2020 05 28 07 30 09 30 -1
2020 06 04 07 30 09 30 -1
2020 06 11 07 30 09 30 -1
2020 06 18 07 30 09 30 -1
1

