4
19127349
LPJNul+wow4m6DsqxbninhsWHlwfp0JecwQzYpOLmCQ=
Phan Cong Huu Danh
2001 02 28
19CLC7
0
-1
-1
-1
-1
2020 04 15 07 30 09 30 -1
2020 04 22 07 30 09 30 -1
2020 04 29 07 30 09 30 -1
2020 05 06 07 30 09 30 -1
2020 05 13 07 30 09 30 -1
2020 05 20 07 30 09 30 -1
2020 05 27 07 30 09 30 -1
2020 06 03 07 30 09 30 -1
2020 06 10 07 30 09 30 -1
2020 06 17 07 30 09 30 -1
1

19127257
zroFXfMRNlpAeiTmMdXGVXUYApGiULSIJbmypGfaMqM=
Pham Nhat Quang
2001 02 01
19CLC7
1
-1
-1
-1
-1
2020 04 15 07 30 09 30 -1
2020 04 22 07 30 09 30 -1
2020 04 29 07 30 09 30 -1
2020 05 06 07 30 09 30 -1
2020 05 13 07 30 09 30 -1
2020 05 20 07 30 09 30 -1
2020 05 27 07 30 09 30 -1
2020 06 03 07 30 09 30 -1
2020 06 10 07 30 09 30 -1
2020 06 17 07 30 09 30 -1
1

19127034
HP4RnGXFYj1GoDgEXJrRR/F3umrsIkS2Fj4TeRKMyys=
Doan Ngoc Nhu Khoi
2001 08 17
19CLC7
1
-1
-1
-1
-1
2020 04 15 07 30 09 30 -1
2020 04 22 07 30 09 30 -1
2020 04 29 07 30 09 30 -1
2020 05 06 07 30 09 30 -1
2020 05 13 07 30 09 30 -1
2020 05 20 07 30 09 30 -1
2020 05 27 07 30 09 30 -1
2020 06 03 07 30 09 30 -1
2020 06 10 07 30 09 30 -1
2020 06 17 07 30 09 30 -1
1

19127051
Xm/nx5KJK/IslpKXEElmUVtnsmGYIy0JpTRyQDIl4Z4=hatu
Luu Thi Hong Ngoc
2001 05 09
19CLC7
1
-1
-1
-1
-1
2020 04 15 07 30 09 30 -1
2020 04 22 07 30 09 30 -1
2020 04 29 07 30 09 30 -1
2020 05 06 07 30 09 30 -1
2020 05 13 07 30 09 30 -1
2020 05 20 07 30 09 30 -1
2020 05 27 07 30 09 30 -1
2020 06 03 07 30 09 30 -1
2020 06 10 07 30 09 30 -1
2020 06 17 07 30 09 30 -1
1

