4
19127349
LPJNul+wow4m6DsqxbninhsWHlwfp0JecwQzYpOLmCQ=
Phan Cong Huu Danh
2001 02 28
19CLC7
0
-1
-1
-1
-1
2020 04 17 09 30 11 30 1
2020 04 24 09 30 11 30 1
2020 05 01 09 30 11 30 0
2020 05 08 09 30 11 30 1
2020 05 15 09 30 11 30 0
2020 05 22 09 30 11 30 1
2020 05 29 09 30 11 30 0
2020 06 05 09 30 11 30 1
2020 06 12 09 30 11 30 0
2020 06 19 09 30 11 30 1
1

19127257
zroFXfMRNlpAeiTmMdXGVXUYApGiULSIJbmypGfaMqM=
Pham Nhat Quang
2001 02 01
19CLC7
1
-1
-1
-1
-1
2020 04 17 09 30 11 30 -1
2020 04 24 09 30 11 30 -1
2020 05 01 09 30 11 30 -1
2020 05 08 09 30 11 30 -1
2020 05 15 09 30 11 30 -1
2020 05 22 09 30 11 30 -1
2020 05 29 09 30 11 30 -1
2020 06 05 09 30 11 30 -1
2020 06 12 09 30 11 30 -1
2020 06 19 09 30 11 30 -1
1

19127034
HP4RnGXFYj1GoDgEXJrRR/F3umrsIkS2Fj4TeRKMyys=
Doan Ngoc Nhu Khoi
2001 08 17
19CLC7
1
-1
-1
-1
-1
2020 04 17 09 30 11 30 -1
2020 04 24 09 30 11 30 -1
2020 05 01 09 30 11 30 -1
2020 05 08 09 30 11 30 -1
2020 05 15 09 30 11 30 -1
2020 05 22 09 30 11 30 -1
2020 05 29 09 30 11 30 -1
2020 06 05 09 30 11 30 -1
2020 06 12 09 30 11 30 -1
2020 06 19 09 30 11 30 -1
1

19127051
Xm/nx5KJK/IslpKXEElmUVtnsmGYIy0JpTRyQDIl4Z4=hatu
Luu Thi Hong Ngoc
2001 05 09
19CLC7
1
-1
-1
-1
-1
2020 04 17 09 30 11 30 -1
2020 04 24 09 30 11 30 -1
2020 05 01 09 30 11 30 -1
2020 05 08 09 30 11 30 -1
2020 05 15 09 30 11 30 -1
2020 05 22 09 30 11 30 -1
2020 05 29 09 30 11 30 -1
2020 06 05 09 30 11 30 -1
2020 06 12 09 30 11 30 -1
2020 06 19 09 30 11 30 -1
1

